Webots Project File version R2018b
perspectives: 000000ff00000000fd00000003000000000000000000000000fc0100000001fb0000001a0044006f00630075006d0065006e0074006100740069006f006e0000000000ffffffff0000005400ffffff000000010000028c000002e0fc0200000001fb0000001400540065007800740045006400690074006f00720100000000000002e0000000a200ffffff00000003000005ff00000070fc0100000001fb0000000e0043006f006e0073006f006c00650100000000000005ff0000005400ffffff0000036d000002e000000001000000020000000100000008fc00000000
simulationViewPerspectives: 000000ff000000010000000200000118000003820100000006010000000100
sceneTreePerspectives: 000000ff0000000100000002000000c0000000000100000006010000000200
maximizedDockId: -1
centralWidgetVisible: 1
selectionDisabled: 0
viewpointLocked: 0
orthographicViewHeight: 1
textFiles: 0 "controllers/reynolds2/reynolds2.c" "controllers/performance_estimation/performance_estimation.c"
renderingDevicePerspectives: epuck1:camera;1;0.820513;0;0
renderingDevicePerspectives: epuck3:camera;1;0.820513;0;0
renderingDevicePerspectives: epuck4:camera;1;0.820513;0;0
renderingDevicePerspectives: epuck0:camera;1;0.820513;0;0
renderingDevicePerspectives: epuck2:camera;1;0.820513;0;0
