Webots Project File version R2018b
perspectives: 000000ff00000000fd00000003000000000000000000000000fc0100000002fc00000000ffffffff0000000000fffffffc0200000001fb00000012005300630065006e006500540072006500650100000019000003f10000000000000000fb0000001a0044006f00630075006d0065006e0074006100740069006f006e0000000000ffffffff0000008700ffffff000000010000022c0000022cfc0200000001fb0000001400540065007800740045006400690074006f007201000000000000022c0000008b00ffffff00000003000005a0000000dafc0100000001fb0000000e0043006f006e0073006f006c00650100000000000005a00000008700ffffff000003720000022c00000004000000040000000100000008fc00000000
simulationViewPerspectives: 000000ff00000001000000020000016c000004a00100000002010000000101
sceneTreePerspectives: 000000ff0000000100000002000000c0000001120100000002010000000201
maximizedDockId: -1
centralWidgetVisible: 1
selectionDisabled: 0
viewpointLocked: 0
orthographicViewHeight: 1
textFiles: 1 "controllers/flocking_super/flocking_super.c" "controllers/reynolds/reynolds.c" "controllers/reynolds2/reynolds2.c"
renderingDevicePerspectives: epuck1:camera;1;1;0.0263158;0.0184805
renderingDevicePerspectives: epuck0:camera;1;1;0.0263158;0.0184805
renderingDevicePerspectives: epuck4:camera;1;1;0.0263158;0.0184805
renderingDevicePerspectives: epuck3:camera;1;1;0.0263158;0.0184805
renderingDevicePerspectives: epuck2:camera;1;1;0.0263158;0.0184805
